      # Time            Volume             Ee11              Ee22              Ee33              Ee23              Ee13              Ee12       
    5.00000000e-02    9.99984364e-01    6.52003825e-07    5.97931386e-07   -7.28543824e-06   -3.45217001e-07    3.57865458e-07   -6.10392343e-09
    2.06250000e-01    9.99935759e-01    2.70919917e-06    2.45910974e-06   -2.99409069e-05   -1.42185673e-06    1.46827408e-06   -2.32850540e-08
    4.50390625e-01    9.99909751e-01    3.60933531e-06    4.65625706e-06   -4.18236912e-05   -2.25534397e-06    2.12169909e-06    5.74713505e-07
    6.41125488e-01    9.99905645e-01    3.58532871e-06    4.89965655e-06   -4.33697199e-05   -2.36220578e-06    2.15151641e-06    9.13068315e-07
    8.39807638e-01    9.99903137e-01    3.63753731e-06    4.90831606e-06   -4.42289530e-05   -2.37865204e-06    2.17619019e-06    1.09052126e-06
    1.04676821e+00    9.99901078e-01    3.71307652e-06    4.89393340e-06   -4.49373720e-05   -2.36569049e-06    2.21080822e-06    1.22020841e-06
    1.26235214e+00    9.99899206e-01    3.80320636e-06    4.87649452e-06   -4.55872737e-05   -2.35081250e-06    2.24676952e-06    1.33873103e-06
    1.48691873e+00    9.99897410e-01    3.90936724e-06    4.85737408e-06   -4.62230085e-05   -2.33628919e-06    2.28710170e-06    1.44405441e-06
    1.72084227e+00    9.99895640e-01    4.01955208e-06    4.84212896e-06   -4.68665829e-05   -2.32240072e-06    2.33841758e-06    1.54041770e-06
    2.08634779e+00    9.99893048e-01    4.17691793e-06    4.82123605e-06   -4.78534395e-05   -2.30084519e-06    2.43068773e-06    1.67739474e-06
    2.46708271e+00    9.99890445e-01    4.32816925e-06    4.80664364e-06   -4.88731635e-05   -2.27505023e-06    2.53218899e-06    1.81025405e-06
    2.86368158e+00    9.99887810e-01    4.47583771e-06    4.81028744e-06   -4.99272874e-05   -2.24917529e-06    2.63254547e-06    1.93993717e-06
    3.27680541e+00    9.99885127e-01    4.60923468e-06    4.84216450e-06   -5.10227574e-05   -2.22564513e-06    2.72672417e-06    2.06884204e-06
    3.70714273e+00    9.99882382e-01    4.73260496e-06    4.89720641e-06   -5.21605708e-05   -2.20412802e-06    2.81648724e-06    2.20119417e-06
    4.15541077e+00    9.99879566e-01    4.85116415e-06    4.96876130e-06   -5.33448938e-05   -2.18765478e-06    2.90616352e-06    2.33123694e-06
    4.62235665e+00    9.99876673e-01    4.96901405e-06    5.05688393e-06   -5.45764685e-05   -2.17469321e-06    2.99819949e-06    2.45354163e-06
    5.10875860e+00    9.99873698e-01    5.09278798e-06    5.15388304e-06   -5.58595836e-05   -2.16466205e-06    3.09571218e-06    2.56618843e-06
    5.61542731e+00    9.99870636e-01    5.21780176e-06    5.26426957e-06   -5.71971448e-05   -2.15718225e-06    3.20082141e-06    2.67275741e-06
    6.14320721e+00    9.99867483e-01    5.33991714e-06    5.39159023e-06   -5.85877513e-05   -2.14890084e-06    3.31236577e-06    2.77764703e-06
    6.69297793e+00    9.99864237e-01    5.46522227e-06    5.53309961e-06   -6.00301709e-05   -2.14158278e-06    3.42384773e-06    2.87944033e-06
    7.26565578e+00    9.99860893e-01    5.59426370e-06    5.68783233e-06   -6.15288700e-05   -2.13621253e-06    3.53567894e-06    2.97703017e-06
    7.86219520e+00    9.99857450e-01    5.72996730e-06    5.85001690e-06   -6.30872955e-05   -2.13222581e-06    3.64820948e-06    3.07152161e-06
    8.48359042e+00    9.99853903e-01    5.87585390e-06    6.02107148e-06   -6.47029101e-05   -2.13221705e-06    3.76278190e-06    3.16448491e-06
    9.13087712e+00    9.99850251e-01    6.03250474e-06    6.19911014e-06   -6.63750751e-05   -2.13481069e-06    3.87942287e-06    3.25699018e-06
    9.80513409e+00    9.99846491e-01    6.19752318e-06    6.38517568e-06   -6.81053634e-05   -2.14017208e-06    3.99715135e-06    3.35171361e-06
    1.05074851e+01    9.99842622e-01    6.37029307e-06    6.58025845e-06   -6.98953511e-05   -2.14798496e-06    4.11689020e-06    3.45014922e-06
    1.16049086e+01    9.99837000e-01    6.64141596e-06    6.88169417e-06   -7.26598321e-05   -2.16307806e-06    4.30046587e-06    3.60376061e-06
    1.27480580e+01    9.99831265e-01    6.92581177e-06    7.18990711e-06   -7.55090459e-05   -2.18155665e-06    4.48724688e-06    3.76203691e-06
    1.39388387e+01    9.99825419e-01    7.21950060e-06    7.50960386e-06   -7.84455456e-05   -2.20283324e-06    4.67708716e-06    3.92296084e-06
    1.51792352e+01    9.99819468e-01    7.52294893e-06    7.84279523e-06   -8.14714471e-05   -2.22922136e-06    4.87004847e-06    4.08640056e-06
    1.64713149e+01    9.99813418e-01    7.84028172e-06    8.18670427e-06   -8.45900161e-05   -2.26037724e-06    5.06654551e-06    4.25232353e-06
    1.78172313e+01    9.99807275e-01    8.16951285e-06    8.54439909e-06   -8.78013653e-05   -2.29592321e-06    5.26865439e-06    4.42137775e-06
    1.92192275e+01    9.99801048e-01    8.50811154e-06    8.91739999e-06   -9.11055463e-05   -2.33320474e-06    5.47742721e-06    4.59443399e-06
    2.06796402e+01    9.99794747e-01    8.85606549e-06    9.30423304e-06   -9.45025076e-05   -2.37043985e-06    5.69129608e-06    4.77255684e-06
    2.29615351e+01    9.99786710e-01    9.39276142e-06    9.89123815e-06   -9.96988109e-05   -2.43252802e-06    6.01593018e-06    5.04716340e-06
    2.53385090e+01    9.99778825e-01    9.94641688e-06    1.04905200e-05   -1.05002561e-04   -2.50570360e-06    6.34447883e-06    5.32722859e-06
    2.78145234e+01    9.99771134e-01    1.05152441e-05    1.11055036e-05   -1.10405679e-04   -2.58576598e-06    6.67894424e-06    5.61460190e-06
    3.03937051e+01    9.99763684e-01    1.10933205e-05    1.17367441e-05   -1.15905928e-04   -2.67425246e-06    7.02209093e-06    5.90814193e-06
    3.30803527e+01    9.99756528e-01    1.16784322e-05    1.23800399e-05   -1.21503501e-04   -2.77475514e-06    7.37360988e-06    6.20587301e-06
    3.58789439e+01    9.99749723e-01    1.22695526e-05    1.30340906e-05   -1.27195449e-04   -2.88832657e-06    7.73161934e-06    6.50752194e-06
    3.87941431e+01    9.99743335e-01    1.28633599e-05    1.37006954e-05   -1.32972731e-04   -3.01141998e-06    8.09303691e-06    6.81191204e-06
    4.18308089e+01    9.99737432e-01    1.34602952e-05    1.43784426e-05   -1.38822837e-04   -3.13792231e-06    8.45676776e-06    7.12083388e-06
    4.49940025e+01    9.99732089e-01    1.40646528e-05    1.50661032e-05   -1.44742584e-04   -3.26570418e-06    8.82328157e-06    7.43390299e-06
    4.82889958e+01    9.99727392e-01    1.46769655e-05    1.57656544e-05   -1.50728304e-04   -3.39322385e-06    9.19404292e-06    7.75020299e-06
    5.17212805e+01    9.99723435e-01    1.52970740e-05    1.64730011e-05   -1.56774823e-04   -3.52335846e-06    9.56644717e-06    8.06398828e-06
    5.52965771e+01    9.99720318e-01    1.59266916e-05    1.71852474e-05   -1.62874685e-04   -3.66016630e-06    9.94002955e-06    8.37282317e-06
    5.90208444e+01    9.99718152e-01    1.65646582e-05    1.79060189e-05   -1.69013687e-04   -3.80458083e-06    1.03173698e-05    8.67565949e-06
    6.29002894e+01    9.99717059e-01    1.72102965e-05    1.86351206e-05   -1.75181973e-04   -3.95696233e-06    1.06961571e-05    8.97468857e-06
    6.69413780e+01    9.99717171e-01    1.78524393e-05    1.93774393e-05   -1.81371570e-04   -4.12242457e-06    1.10737605e-05    9.26983510e-06
    7.11508453e+01    9.99718632e-01    1.84842965e-05    2.01327626e-05   -1.87567339e-04   -4.30598276e-06    1.14453829e-05    9.55750222e-06
    7.55357071e+01    9.99721604e-01    1.91110865e-05    2.08966482e-05   -1.93757440e-04   -4.50100899e-06    1.18144157e-05    9.83398950e-06
    8.01032714e+01    9.99726262e-01    1.97353444e-05    2.16691496e-05   -1.99933975e-04   -4.72034147e-06    1.21783212e-05    1.01013466e-05
    8.48611510e+01    9.99732796e-01    2.03578597e-05    2.24645673e-05   -2.06075542e-04   -4.97059013e-06    1.25350620e-05    1.03631581e-05
    8.98172755e+01    9.99741417e-01    2.09792973e-05    2.32716938e-05   -2.12169539e-04   -5.24835180e-06    1.28802572e-05    1.06112252e-05
    9.49799051e+01    9.99752360e-01    2.15925564e-05    2.40963873e-05   -2.18210631e-04   -5.55622802e-06    1.32179025e-05    1.08463173e-05
    1.00357644e+02    9.99765879e-01    2.21916416e-05    2.49394085e-05   -2.24181472e-04   -5.88887813e-06    1.35474984e-05    1.10674413e-05
    1.05959456e+02    9.99782255e-01    2.27735551e-05    2.57971757e-05   -2.30074871e-04   -6.24634687e-06    1.38717431e-05    1.12646143e-05
    1.11794677e+02    9.99801800e-01    2.33358084e-05    2.66529312e-05   -2.35883521e-04   -6.62773237e-06    1.41825609e-05    1.14567370e-05
    1.17873031e+02    9.99824854e-01    2.38633226e-05    2.75054961e-05   -2.41600966e-04   -7.02035782e-06    1.44847908e-05    1.16546761e-05
    1.20000000e+02    9.99824800e-01    2.40370555e-05    2.78006827e-05   -2.43574276e-04   -7.15659410e-06    1.45902015e-05    1.17221246e-05
