      # Time            Volume             E11               E22               E33               E23               E13               E12        
    5.00000000e-02    9.99984364e-01    1.64995260e-05    1.78652662e-05   -5.00037416e-05   -6.60455400e-07    1.17315494e-06    1.37067735e-07
    2.06250000e-01    9.99935759e-01    6.81831552e-05    7.38358797e-05   -2.06313674e-04   -2.74302523e-06    4.82556533e-06    5.25840969e-07
    4.50390625e-01    9.99909751e-01    1.67114223e-04    1.93066120e-04   -4.50694109e-04   -5.74338591e-06    8.91512251e-06    3.67910719e-06
    6.41125488e-01    9.99905645e-01    2.49418816e-04    2.97416971e-04   -6.41740732e-04   -9.79405339e-06    1.00922046e-05    7.82238060e-06
    8.39807638e-01    9.99903137e-01    3.35364741e-04    4.07675614e-04   -8.40864035e-04   -1.45395751e-05    1.03289721e-05    1.20009210e-05
    1.04676821e+00    9.99901078e-01    4.24464275e-04    5.23512944e-04   -1.04841071e-03   -2.00326938e-05    9.91304052e-06    1.59588942e-05
    1.26235214e+00    9.99899206e-01    5.16866211e-04    6.44862855e-04   -1.26474268e-03   -2.61352078e-05    9.08510034e-06    1.98745595e-05
    1.48691873e+00    9.99897410e-01    6.12895364e-04    7.71649401e-04   -1.49023778e-03   -3.27346033e-05    8.03917636e-06    2.37525854e-05
    1.72084227e+00    9.99895640e-01    7.12830367e-04    9.03919045e-04   -1.72529057e-03   -3.96867179e-05    6.90968015e-06    2.77059354e-05
    2.08634779e+00    9.99893048e-01    8.68850725e-04    1.11089790e-03   -2.09289196e-03   -5.04513892e-05    5.25361093e-06    3.39819758e-05
    2.46708271e+00    9.99890445e-01    1.03098817e-03    1.32699019e-03   -2.47624027e-03   -6.15544007e-05    3.60471768e-06    4.04723111e-05
    2.86368158e+00    9.99887810e-01    1.19939383e-03    1.55265787e-03   -2.87602891e-03   -7.30447280e-05    2.06255419e-06    4.71175197e-05
    3.27680541e+00    9.99885127e-01    1.37435878e-03    1.78825518e-03   -3.29298344e-03   -8.49461898e-05    7.19016288e-07    5.38855052e-05
    3.70714273e+00    9.99882382e-01    1.55631783e-03    2.03402252e-03   -3.72786317e-03   -9.72245501e-05   -3.58335623e-07    6.07722644e-05
    4.15541077e+00    9.99879566e-01    1.74560918e-03    2.29033212e-03   -4.18146301e-03   -1.09927620e-04   -9.70864815e-07    6.78785285e-05
    4.62235665e+00    9.99876673e-01    1.94257150e-03    2.55758616e-03   -4.65461521e-03   -1.23137363e-04   -1.11505811e-06    7.52680545e-05
    5.10875860e+00    9.99873698e-01    2.14753037e-03    2.83623352e-03   -5.14819124e-03   -1.36781890e-04   -8.99087116e-07    8.28905340e-05
    5.61542731e+00    9.99870636e-01    2.36084818e-03    3.12671810e-03   -5.66310390e-03   -1.50854148e-04   -3.52348422e-07    9.07729375e-05
    6.14320721e+00    9.99867483e-01    2.58288865e-03    3.42951791e-03   -6.20030949e-03   -1.65369558e-04    5.34574274e-07    9.89613843e-05
    6.69297793e+00    9.99864237e-01    2.81400896e-03    3.74515381e-03   -6.76081011e-03   -1.80333213e-04    1.78912324e-06    1.07524313e-04
    7.26565578e+00    9.99860893e-01    3.05470315e-03    4.07404576e-03   -7.34565612e-03   -1.95818779e-04    3.35751496e-06    1.16467258e-04
    7.86219520e+00    9.99857450e-01    3.30545618e-03    4.41666188e-03   -7.95594869e-03   -2.11842981e-04    5.19227284e-06    1.25814693e-04
    8.48359042e+00    9.99853903e-01    3.56663862e-03    4.77362509e-03   -8.59284267e-03   -2.28467865e-04    7.29059841e-06    1.35555583e-04
    9.13087712e+00    9.99850251e-01    3.83867435e-03    5.14554611e-03   -9.25754947e-03   -2.45797662e-04    9.66020454e-06    1.45644509e-04
    9.80513409e+00    9.99846491e-01    4.12208670e-03    5.53298047e-03   -9.95134013e-03   -2.63871496e-04    1.22639816e-05    1.56058087e-04
    1.05074851e+01    9.99842622e-01    4.41739221e-03    5.93653634e-03   -1.06755487e-02   -2.82727358e-04    1.50863702e-05    1.66763481e-04
    1.16049086e+01    9.99837000e-01    4.87894961e-03    6.56739892e-03   -1.18102194e-02   -3.12292240e-04    1.96700804e-05    1.83187326e-04
    1.27480580e+01    9.99831265e-01    5.35974419e-03    7.22469992e-03   -1.29961972e-02   -3.43179281e-04    2.45849901e-05    2.00182185e-04
    1.39388387e+01    9.99825419e-01    5.86066920e-03    7.90945908e-03   -1.42359828e-02   -3.75383432e-04    2.97893014e-05    2.17911422e-04
    1.51792352e+01    9.99819468e-01    6.38258868e-03    8.62280664e-03   -1.55322150e-02   -4.08904722e-04    3.52613520e-05    2.36343873e-04
    1.64713149e+01    9.99813418e-01    6.92628467e-03    9.36603755e-03   -1.68876793e-02   -4.43777145e-04    4.10120287e-05    2.55493794e-04
    1.78172313e+01    9.99807275e-01    7.49265697e-03    1.01404168e-02   -1.83053178e-02   -4.80079813e-04    4.70745296e-05    2.75341821e-04
    1.92192275e+01    9.99801048e-01    8.08268686e-03    1.09472202e-02   -1.97882397e-02   -5.17914856e-04    5.34832592e-05    2.95823297e-04
    2.06796402e+01    9.99794747e-01    8.69743219e-03    1.17877418e-02   -2.13397328e-02   -5.57429906e-04    6.02400073e-05    3.16965014e-04
    2.29615351e+01    9.99786710e-01    9.65852635e-03    1.31023636e-02   -2.37778947e-02   -6.19739249e-04    7.12129246e-05    3.49708794e-04
    2.53385090e+01    9.99778825e-01    1.06599443e-02    1.44720699e-02   -2.63358935e-02   -6.85113483e-04    8.32290892e-05    3.83471227e-04
    2.78145234e+01    9.99771134e-01    1.17036955e-02    1.58988646e-02   -2.90204689e-02   -7.53757608e-04    9.62828017e-05    4.18351531e-04
    3.03937051e+01    9.99763684e-01    1.27918053e-02    1.73849073e-02   -3.18388177e-02   -8.25797081e-04    1.10312110e-04    4.54365115e-04
    3.30803527e+01    9.99756528e-01    1.39261974e-02    1.89326348e-02   -3.47986323e-02   -9.01260997e-04    1.25256115e-04    4.91387720e-04
    3.58789439e+01    9.99749723e-01    1.51088253e-02    2.05446332e-02   -3.79081429e-02   -9.80359175e-04    1.41036235e-04    5.29261363e-04
    3.87941431e+01    9.99743335e-01    1.63415053e-02    2.22238035e-02   -4.11761640e-02   -1.06328967e-03    1.57254425e-04    5.67997988e-04
    4.18308089e+01    9.99737432e-01    1.76263784e-02    2.39729262e-02   -4.46121455e-02   -1.15032116e-03    1.73701629e-04    6.07312775e-04
    4.49940025e+01    9.99732089e-01    1.89658305e-02    2.57947542e-02   -4.82262305e-02   -1.24172768e-03    1.90300654e-04    6.47032284e-04
    4.82889958e+01    9.99727392e-01    2.03620452e-02    2.76924574e-02   -5.20293177e-02   -1.33791303e-03    2.06849939e-04    6.86958773e-04
    5.17212805e+01    9.99723435e-01    2.18173489e-02    2.96692848e-02   -5.60331315e-02   -1.43924155e-03    2.23162826e-04    7.27084226e-04
    5.52965771e+01    9.99720318e-01    2.33343157e-02    3.17284652e-02   -6.02503008e-02   -1.54616404e-03    2.39607960e-04    7.67334305e-04
    5.90208444e+01    9.99718152e-01    2.49149948e-02    3.38739707e-02   -6.46944449e-02   -1.65916223e-03    2.56705267e-04    8.07473767e-04
    6.29002894e+01    9.99717059e-01    2.65615626e-02    3.61098959e-02   -6.93802691e-02   -1.77847633e-03    2.74949596e-04    8.47466105e-04
    6.69413780e+01    9.99717171e-01    2.82774223e-02    3.84393740e-02   -7.43236738e-02   -1.90460528e-03    2.93901546e-04    8.87473390e-04
    7.11508453e+01    9.99718632e-01    3.00651669e-02    4.08665978e-02   -7.95418798e-02   -2.03855423e-03    3.12922648e-04    9.27474204e-04
    7.55357071e+01    9.99721604e-01    3.19278384e-02    4.33956327e-02   -8.50535658e-02   -2.18130482e-03    3.32078059e-04    9.67434664e-04
    8.01032714e+01    9.99726262e-01    3.38691933e-02    4.60301522e-02   -9.08790086e-02   -2.33297964e-03    3.51619407e-04    1.00748364e-03
    8.48611510e+01    9.99732796e-01    3.58924137e-02    4.87746716e-02   -9.70402612e-02   -2.49380407e-03    3.71338780e-04    1.04728100e-03
    8.98172755e+01    9.99741417e-01    3.80007500e-02    5.16339692e-02   -1.03561348e-01   -2.66376775e-03    3.91557343e-04    1.08616217e-03
    9.49799051e+01    9.99752360e-01    4.01985513e-02    5.46120891e-02   -1.10468497e-01   -2.84335204e-03    4.12645205e-04    1.12360658e-03
    1.00357644e+02    9.99765879e-01    4.24902777e-02    5.77132522e-02   -1.17790379e-01   -3.03279936e-03    4.35913503e-04    1.15841702e-03
    1.05959456e+02    9.99782255e-01    4.48815040e-02    6.09409949e-02   -1.25558405e-01   -3.23266267e-03    4.62033146e-04    1.18906121e-03
    1.11794677e+02    9.99801800e-01    4.73782855e-02    6.42988075e-02   -1.33807048e-01   -3.44347656e-03    4.90407278e-04    1.21527890e-03
    1.17873031e+02    9.99824854e-01    4.99858553e-02    6.77913579e-02   -1.42574226e-01   -3.66593545e-03    5.21915334e-04    1.23669046e-03
    1.20000000e+02    9.99824800e-01    5.08965215e-02    6.90079394e-02   -1.45685097e-01   -3.74396453e-03    5.33117665e-04    1.24332915e-03
