      # Time            Volume             F11               F12               F13               F21               F22               F23               F31               F32               F33        
    5.00000000e-05    1.00000156e+00    9.99998350e-01   -1.84962184e-08   -5.66846862e-08   -8.91705016e-09    9.99998214e-01   -1.23795590e-07   -1.77937979e-07    2.55892896e-07    1.00000500e+00
    2.06250000e-04    1.00000645e+00    9.99993194e-01   -7.62951971e-08   -2.33847635e-07   -3.67826043e-08    9.99992631e-01   -5.10652195e-07   -7.33968306e-07    1.05554536e-06    1.00002063e+00
    6.94531250e-04    1.00002172e+00    9.99977084e-01   -2.56900365e-07   -7.87709412e-07   -1.23860238e-07    9.99975187e-01   -1.71953401e-06   -2.47131056e-06    3.55433392e-06    1.00006945e+00
    2.22041016e-03    1.00006925e+00    9.99926658e-01   -7.73969082e-07   -2.77847366e-06   -3.70965413e-07    9.99920582e-01   -5.61775210e-06   -7.61207543e-06    1.15160494e-05    1.00022204e+00
    4.60459595e-03    1.00009813e+00    9.99831231e-01   -2.78751469e-06   -1.73479784e-05   -4.03063251e-06    9.99806582e-01   -2.46207938e-05   -1.68848315e-06    3.58581525e-05    1.00046046e+00
    6.46724110e-03    1.00010295e+00    9.99751214e-01   -6.14409726e-06   -2.70720587e-05   -8.50983666e-06    9.99705304e-01   -4.12131435e-05    5.26669821e-06    6.00831507e-05    1.00064673e+00
    8.40749646e-03    1.00010584e+00    9.99667387e-01   -9.94364227e-06   -3.26621132e-05   -1.31620644e-05    9.99598209e-01   -5.58271783e-05    9.76063365e-06    8.35287520e-05    1.00084075e+00
    1.04285958e-02    1.00010819e+00    9.99580472e-01   -1.34912718e-05   -3.55480452e-05   -1.76362744e-05    9.99485649e-01   -6.82051668e-05    1.29261268e-05    1.06184612e-04    1.00104286e+00
    1.25339076e-02    1.00011031e+00    9.99490356e-01   -1.68056413e-05   -3.64573871e-05   -2.21636897e-05    9.99367725e-01   -7.81778058e-05    1.50306766e-05    1.27670681e-04    1.00125339e+00
    1.47269407e-02    1.00011233e+00    9.99396824e-01   -2.00170646e-05   -3.57932403e-05   -2.68164382e-05    9.99244439e-01   -8.65142301e-05    1.61421739e-05    1.48588804e-04    1.00147270e+00
    1.81535550e-02    1.00011532e+00    9.99251094e-01   -2.46886149e-05   -3.26732709e-05   -3.38661956e-05    9.99051358e-01   -9.71081725e-05    1.61007241e-05    1.79357447e-04    1.00181536e+00
    2.17229449e-02    1.00011828e+00    9.99099425e-01   -2.95678349e-05   -2.89451155e-05   -4.13043649e-05    9.98850148e-01   -1.06855010e-04    1.54883263e-05    2.09973353e-04    1.00217230e+00
    2.54410593e-02    1.00012127e+00    9.98941812e-01   -3.44906386e-05   -2.47997009e-05   -4.91171295e-05    9.98640296e-01   -1.16218679e-04    1.44316814e-05    2.40828452e-04    1.00254411e+00
    2.93140952e-02    1.00012432e+00    9.98778093e-01   -3.93691292e-05   -2.05374196e-05   -5.73252134e-05    9.98421402e-01   -1.25306087e-04    1.31215347e-05    2.72119591e-04    1.00293141e+00
    3.33485076e-02    1.00012744e+00    9.98608115e-01   -4.41314659e-05   -1.64970889e-05   -6.58840222e-05    9.98193016e-01   -1.34254071e-04    1.16888603e-05    3.03985330e-04    1.00333486e+00
    3.75510205e-02    1.00013065e+00    9.98431497e-01   -4.88366889e-05   -1.26134168e-05   -7.47090691e-05    9.97954897e-01   -1.43435317e-04    1.00415440e-05    3.36881576e-04    1.00375511e+00
    4.19286381e-02    1.00013395e+00    9.98247900e-01   -5.35998796e-05   -8.67130430e-06   -8.37813401e-05    9.97706732e-01   -1.52887119e-04    7.77828894e-06    3.70764997e-04    1.00419287e+00
    4.64886564e-02    1.00013736e+00    9.98056993e-01   -5.85487696e-05   -4.77215069e-06   -9.31139680e-05    9.97448170e-01   -1.62596251e-04    4.71029267e-06    4.05703624e-04    1.00464887e+00
    5.12386755e-02    1.00014089e+00    9.97858465e-01   -6.38067259e-05   -8.66597080e-07   -1.02683090e-04    9.97178814e-01   -1.72532196e-04    7.57670566e-07    4.41779027e-04    1.00512388e+00
    5.61866121e-02    1.00014454e+00    9.97652036e-01   -6.94623975e-05    3.20431424e-06   -1.12436472e-04    9.96898207e-01   -1.82616767e-04   -4.07142368e-06    4.78802865e-04    1.00561867e+00
    6.13407126e-02    1.00014832e+00    9.97437385e-01   -7.54279991e-05    7.36368938e-06   -1.22335209e-04    9.96605903e-01   -1.92824523e-04   -9.63971249e-06    5.16679729e-04    1.00613408e+00
    6.67095674e-02    1.00015223e+00    9.97214210e-01   -8.17285911e-05    1.14029162e-05   -1.32315535e-04    9.96301410e-01   -2.03153279e-04   -1.57299138e-05    5.55472172e-04    1.00667097e+00
    7.23021245e-02    1.00015628e+00    9.96982178e-01   -8.84432763e-05    1.53819474e-05   -1.42379879e-04    9.95984234e-01   -2.13553828e-04   -2.24094459e-05    5.95102530e-04    1.00723023e+00
    7.81277047e-02    1.00016048e+00    9.96740891e-01   -9.56077521e-05    1.92549531e-05   -1.52547591e-04    9.95653913e-01   -2.23996200e-04   -2.96229587e-05    6.35628811e-04    1.00781278e+00
    8.41960175e-02    1.00016483e+00    9.96489839e-01   -1.03216583e-04    2.30373399e-05   -1.62880863e-04    9.95310069e-01   -2.34588650e-04   -3.73538013e-05    6.77222474e-04    1.00841962e+00
    9.05171766e-02    1.00016934e+00    9.96228495e-01   -1.11219010e-04    2.68172824e-05   -1.73407937e-04    9.94952301e-01   -2.45454155e-04   -4.56684375e-05    7.20050230e-04    1.00905173e+00
    1.00393988e-01    1.00017658e+00    9.95820669e-01   -1.23836306e-04    3.22481862e-05   -1.89376671e-04    9.94394167e-01   -2.62068219e-04   -5.90023125e-05    7.86152925e-04    1.01003942e+00
    1.10682333e-01    1.00018407e+00    9.95396554e-01   -1.36987588e-04    3.73908541e-05   -2.05480338e-04    9.93813591e-01   -2.78885529e-04   -7.31060587e-05    8.54201342e-04    1.01106826e+00
    1.21399359e-01    1.00019182e+00    9.94955661e-01   -1.50667769e-04    4.21206147e-05   -2.21687055e-04    9.93209577e-01   -2.95970347e-04   -8.78265491e-05    9.24383834e-04    1.01213996e+00
    1.32562927e-01    1.00019984e+00    9.94497399e-01   -1.64955716e-04    4.64689827e-05   -2.38064231e-04    9.92581177e-01   -3.13407000e-04   -1.03345563e-04    9.96722968e-04    1.01325632e+00
    1.44191645e-01    1.00020813e+00    9.94021075e-01   -1.79930319e-04    5.05501326e-05   -2.54658986e-04    9.91927493e-01   -3.31356885e-04   -1.19810764e-04    1.07124763e-03    1.01441920e+00
    1.56304892e-01    1.00021672e+00    9.93526040e-01   -1.95666426e-04    5.44921723e-05   -2.71436295e-04    9.91247526e-01   -3.49836582e-04   -1.37265068e-04    1.14786651e-03    1.01563053e+00
    1.68922858e-01    1.00022560e+00    9.93011647e-01   -2.12201589e-04    5.82787669e-05   -2.88524182e-04    9.90540220e-01   -3.68743345e-04   -1.55498964e-04    1.22666291e-03    1.01689233e+00
    1.82066573e-01    1.00023479e+00    9.92477148e-01   -2.29530093e-04    6.19303455e-05   -3.05969185e-04    9.89804567e-01   -3.88111875e-04   -1.74260087e-04    1.30795026e-03    1.01820671e+00
    1.95757942e-01    1.00024429e+00    9.91921872e-01   -2.47660909e-04    6.54249816e-05   -3.23803663e-04    9.89039417e-01   -4.07995611e-04   -1.93597931e-04    1.39179474e-03    1.01957585e+00
    2.10019785e-01    1.00025412e+00    9.91345186e-01   -2.66645939e-04    6.87408902e-05   -3.42000702e-04    9.88243524e-01   -4.28438562e-04   -2.13820021e-04    1.47822065e-03    1.02100204e+00
    2.24875872e-01    1.00026429e+00    9.90746315e-01   -2.86502523e-04    7.18531705e-05   -3.60522923e-04    9.87415724e-01   -4.49407244e-04   -2.35128096e-04    1.56722767e-03    1.02248766e+00
    2.40350962e-01    1.00027479e+00    9.90124494e-01   -3.07259538e-04    7.47357212e-05   -3.79329678e-04    9.86554781e-01   -4.70920914e-04   -2.57617802e-04    1.65888019e-03    1.02403518e+00
    2.56470847e-01    1.00028566e+00    9.89478853e-01   -3.28904874e-04    7.73289205e-05   -3.98387239e-04    9.85659503e-01   -4.92851333e-04   -2.81233310e-04    1.75311505e-03    1.02564717e+00
    2.73262395e-01    1.00029689e+00    9.88808495e-01   -3.51426710e-04    7.95891478e-05   -4.17649810e-04    9.84728658e-01   -5.15227551e-04   -3.05984626e-04    1.85007302e-03    1.02732634e+00
    2.90753590e-01    1.00030849e+00    9.88112465e-01   -3.74819243e-04    8.14990535e-05   -4.37060637e-04    9.83761003e-01   -5.38122704e-04   -3.31990950e-04    1.95004267e-03    1.02907547e+00
    3.08973585e-01    1.00032048e+00    9.87389805e-01   -3.99106530e-04    8.30745643e-05   -4.56585032e-04    9.82755236e-01   -5.61609102e-04   -3.59319924e-04    2.05333953e-03    1.03089748e+00
    3.27952746e-01    1.00033288e+00    9.86639532e-01   -4.24429379e-04    8.43426788e-05   -4.76219795e-04    9.81710009e-01   -5.85619335e-04   -3.88004003e-04    2.15999815e-03    1.03279541e+00
    3.47722706e-01    1.00034568e+00    9.85860592e-01   -4.50907428e-04    8.52769164e-05   -4.96030523e-04    9.80623977e-01   -6.10187086e-04   -4.18184587e-04    2.27007355e-03    1.03477242e+00
    3.68316415e-01    1.00035891e+00    9.85051949e-01   -4.78590557e-04    8.58712253e-05   -5.15961220e-04    9.79495711e-01   -6.35274899e-04   -4.50201861e-04    2.38352978e-03    1.03683181e+00
    3.89768194e-01    1.00037257e+00    9.84212618e-01   -5.07521181e-04    8.60299403e-05   -5.35849019e-04    9.78323659e-01   -6.60897056e-04   -4.84229640e-04    2.50018789e-03    1.03897701e+00
    4.12113798e-01    1.00038668e+00    9.83341653e-01   -5.37729958e-04    8.55503152e-05   -5.55520564e-04    9.77106162e-01   -6.87034888e-04   -5.20170233e-04    2.61990689e-03    1.04121159e+00
    4.35390468e-01    1.00040126e+00    9.82438076e-01   -5.69242539e-04    8.42968525e-05   -5.74878715e-04    9.75841523e-01   -7.13515322e-04   -5.57938119e-04    2.74243285e-03    1.04353928e+00
    4.59637000e-01    1.00041631e+00    9.81500843e-01   -6.02083775e-04    8.21360492e-05   -5.93863176e-04    9.74528040e-01   -7.40200462e-04   -5.97617967e-04    2.86761346e-03    1.04596396e+00
    4.84893803e-01    1.00043187e+00    9.80528856e-01   -6.36292220e-04    7.91032383e-05   -6.12445296e-04    9.73163991e-01   -7.67208828e-04   -6.39539193e-04    2.99583970e-03    1.04848967e+00
    5.11202974e-01    1.00044793e+00    9.79521022e-01   -6.71892512e-04    7.53101403e-05   -6.30516821e-04    9.71747574e-01   -7.94677393e-04   -6.83905833e-04    3.12752360e-03    1.05112061e+00
    5.38608360e-01    1.00046452e+00    9.78476237e-01   -7.08907363e-04    7.08113511e-05   -6.47989016e-04    9.70276939e-01   -8.22517601e-04   -7.30819899e-04    3.26254584e-03    1.05386118e+00
    5.67155637e-01    1.00048166e+00    9.77393378e-01   -7.47370730e-04    6.56323127e-05   -6.64799978e-04    9.68750175e-01   -8.50615779e-04   -7.80313941e-04    3.40054401e-03    1.05671595e+00
    5.96892384e-01    1.00049936e+00    9.76271331e-01   -7.87379799e-04    5.95184961e-05   -6.80908616e-04    9.67165302e-01   -8.79045710e-04   -8.32187254e-04    3.54116993e-03    1.05968966e+00
    6.27868162e-01    1.00051766e+00    9.75108950e-01   -8.28993638e-04    5.22634895e-05   -6.96273117e-04    9.65520292e-01   -9.07802050e-04   -8.86526141e-04    3.68381703e-03    1.06278728e+00
    6.60134598e-01    1.00053657e+00    9.73905027e-01   -8.72298656e-04    4.38578544e-05   -7.10793830e-04    9.63813115e-01   -9.36878465e-04   -9.43749332e-04    3.82774360e-03    1.06601397e+00
    6.93745468e-01    1.00055611e+00    9.72658348e-01   -9.17361037e-04    3.45466602e-05   -7.24268785e-04    9.62041683e-01   -9.66014864e-04   -1.00421765e-03    3.97223618e-03    1.06937511e+00
    7.28756791e-01    1.00057632e+00    9.71367647e-01   -9.64361159e-04    2.40335546e-05   -7.36597318e-04    9.60203908e-01   -9.94873638e-04   -1.06829173e-03    4.11668420e-03    1.07287630e+00
    7.65226920e-01    1.00059722e+00    9.70031816e-01   -1.01333379e-03    1.21468611e-05   -7.47476869e-04    9.58297484e-01   -1.02327507e-03   -1.13632680e-03    4.26078321e-03    1.07652337e+00
    8.03216637e-01    1.00061884e+00    9.68649705e-01   -1.06422197e-03   -1.37168203e-06   -7.56443357e-04    9.56320075e-01   -1.05108603e-03   -1.20777190e-03    4.40400145e-03    1.08032241e+00
    8.42789259e-01    1.00064122e+00    9.67220184e-01   -1.11688812e-03   -1.60316789e-05   -7.63158388e-04    9.54269264e-01   -1.07807270e-03   -1.28193196e-03    4.54619186e-03    1.08427974e+00
    8.84010740e-01    1.00066439e+00    9.65741931e-01   -1.17132391e-03   -3.21587952e-05   -7.67404000e-04    9.52142794e-01   -1.10415877e-03   -1.35836093e-03    4.68663976e-03    1.08840196e+00
    9.26949783e-01    1.00068840e+00    9.64213599e-01   -1.22753082e-03   -4.98263349e-05   -7.69096293e-04    9.49938364e-01   -1.12904327e-03   -1.43802551e-03    4.82501186e-03    1.09269595e+00
    9.71677953e-01    1.00071327e+00    9.62633984e-01   -1.28484284e-03   -6.84232571e-05   -7.67803623e-04    9.47653464e-01   -1.15304488e-03   -1.52200539e-03    4.96188638e-03    1.09716886e+00
    1.01826980e+00    1.00073907e+00    9.61002476e-01   -1.34251678e-03   -8.74462880e-05   -7.63282000e-04    9.45284969e-01   -1.17615920e-03   -1.61097450e-03    5.09650796e-03    1.10182814e+00
    1.06680297e+00    1.00076583e+00    9.59317939e-01   -1.40080612e-03   -1.06790146e-04   -7.55200854e-04    9.42830253e-01   -1.19865534e-03   -1.70468118e-03    5.22761202e-03    1.10668157e+00
    1.11735835e+00    1.00079361e+00    9.57579486e-01   -1.45932417e-03   -1.26476397e-04   -7.43543283e-04    9.40286396e-01   -1.22045888e-03   -1.80396036e-03    5.35415003e-03    1.11173723e+00
    1.17002021e+00    1.00082246e+00    9.55786084e-01   -1.51811558e-03   -1.47181890e-04   -7.28906672e-04    9.37650607e-01   -1.24166244e-03   -1.90889736e-03    5.47673172e-03    1.11700354e+00
    1.20000000e+00    1.00083445e+00    9.54770799e-01   -1.55109051e-03   -1.59154169e-04   -7.19984587e-04    9.36154545e-01   -1.25326611e-03   -1.96915227e-03    5.54413827e-03    1.12000159e+00
