      # Time            Volume             E11               E22               E33               E23               E13               E12        
    5.00000000e-05    9.99998436e-01    1.64988818e-06    1.78646132e-06   -5.00003741e-06   -6.60483513e-08    1.17311770e-07    1.37067237e-08
    2.06250000e-04    9.99993550e-01    6.80584388e-06    7.36920606e-06   -2.06256366e-05   -2.72449396e-07    4.83917359e-07    5.65401921e-08
    6.94531250e-04    9.99978280e-01    2.29187441e-05    2.48158022e-05   -6.94603445e-05   -9.17452130e-07    1.62962140e-06    1.90394360e-07
    2.22041016e-03    9.99930760e-01    7.33679176e-05    7.94443440e-05   -2.22114816e-04   -2.94974797e-06    5.19644768e-06    5.72486145e-07
    4.60459595e-03    9.99901977e-01    1.68899474e-04    1.93577899e-04   -4.60776811e-04   -5.62016524e-06    9.51691877e-06    3.40286583e-06
    6.46724110e-03    9.99897218e-01    2.49034998e-04    2.94976224e-04   -6.47350115e-04   -9.43738927e-06    1.08910941e-05    7.32238953e-06
    8.40749646e-03    9.99894393e-01    3.33020444e-04    4.02223178e-04   -8.41808299e-04   -1.38512416e-05    1.14259134e-05    1.15458055e-05
    1.04285958e-02    9.99892111e-01    4.20132868e-04    5.14976013e-04   -1.04448956e-03   -1.89887617e-05    1.12687120e-05    1.55545433e-05
    1.25339076e-02    9.99890059e-01    5.10493631e-04    6.33135323e-04   -1.25574700e-03   -2.47468438e-05    1.06479357e-05    1.94729447e-05
    1.47269407e-02    9.99888107e-01    6.04317507e-04    7.56709443e-04   -1.47594923e-03   -3.10461514e-05    9.72456781e-06    2.34016351e-05
    1.81535550e-02    9.99885307e-01    7.50623904e-04    9.50343344e-04   -1.82030633e-03   -4.11720510e-05    8.12818229e-06    2.92586016e-05
    2.17229449e-02    9.99882544e-01    9.02984872e-04    1.15224820e-03   -2.17938938e-03   -5.16890002e-05    6.50433978e-06    3.54070415e-05
    2.54410593e-02    9.99879766e-01    1.06142886e-03    1.36294017e-03   -2.55384462e-03   -6.25278123e-05    4.88199771e-06    4.17902193e-05
    2.93140952e-02    9.99876947e-01    1.22611402e-03    1.58285412e-03   -2.94434813e-03   -7.37498519e-05    3.30297126e-06    4.83740453e-05
    3.33485076e-02    9.99874073e-01    1.39722209e-03    1.81244119e-03   -3.35160724e-03   -8.53593441e-05    1.88331987e-06    5.51113877e-05
    3.75510205e-02    9.99871132e-01    1.57513141e-03    2.05198244e-03   -3.77636215e-03   -9.73939919e-05    6.36400555e-07    6.19716223e-05
    4.19286381e-02    9.99868113e-01    1.76021473e-03    2.30179665e-03   -4.21938758e-03   -1.09818030e-04   -3.43886591e-07    6.89880816e-05
    4.64886564e-02    9.99865009e-01    1.95280823e-03    2.56227204e-03   -4.68149461e-03   -1.22696171e-04   -8.96585763e-07    7.62346446e-05
    5.12386755e-02    9.99861816e-01    2.15324870e-03    2.83382651e-03   -5.16353251e-03   -1.36095081e-04   -1.03170550e-06    8.37700287e-05
    5.61866121e-02    9.99858527e-01    2.36187170e-03    3.11691298e-03   -5.66639064e-03   -1.49958012e-04   -8.38338243e-07    9.15489732e-05
    6.13407126e-02    9.99855139e-01    2.57902489e-03    3.41200460e-03   -6.19100061e-03   -1.64277955e-04   -3.54069895e-07    9.95780080e-05
    6.93939948e-02    9.99850095e-01    2.91807251e-03    3.87360640e-03   -7.01234073e-03   -1.86392962e-04    1.01381140e-06    1.12080610e-04
    7.77828304e-02    9.99844925e-01    3.27097771e-03    4.35482036e-03   -7.87003237e-03   -2.09153135e-04    3.03434565e-06    1.25151440e-04
    8.65212008e-02    9.99839626e-01    3.63858934e-03    4.85619407e-03   -8.76577907e-03   -2.32669795e-04    5.57308718e-06    1.38829441e-04
    9.56236699e-02    9.99834196e-01    4.02150860e-03    5.37858388e-03   -9.70137257e-03   -2.57031680e-04    8.55485420e-06    1.53101792e-04
    1.05105409e-01    9.99828631e-01    4.42036746e-03    5.92287659e-03   -1.06786982e-02   -2.82433020e-04    1.19628991e-05    1.67866111e-04
    1.14982220e-01    9.99822932e-01    4.83597567e-03    6.48984672e-03   -1.16997402e-02   -3.08936084e-04    1.57264823e-05    1.83044054e-04
    1.25270565e-01    9.99817099e-01    5.26899354e-03    7.08048558e-03   -1.27665878e-02   -3.36626964e-04    1.97977643e-05    1.98585132e-04
    1.35987591e-01    9.99811134e-01    5.72008443e-03    7.69584987e-03   -1.38814419e-02   -3.65563514e-04    2.41527029e-05    2.14568980e-04
    1.47151159e-01    9.99805040e-01    6.19000965e-03    8.33697112e-03   -1.50466218e-02   -3.95791634e-04    2.87826854e-05    2.31152569e-04
    1.58779877e-01    9.99798818e-01    6.67960559e-03    9.00488170e-03   -1.62645731e-02   -4.27329217e-04    3.36501161e-05    2.48444507e-04
    1.70893124e-01    9.99792474e-01    7.18973148e-03    9.70067025e-03   -1.75378754e-02   -4.60200587e-04    3.87621057e-05    2.66431295e-04
    1.83511090e-01    9.99786013e-01    7.72119068e-03    1.04255620e-02   -1.88692512e-02   -4.94424703e-04    4.41296469e-05    2.85143647e-04
    1.96654805e-01    9.99779441e-01    8.27487587e-03    1.11807787e-02   -2.02615754e-02   -5.30070592e-04    4.97622477e-05    3.04583437e-04
    2.17191859e-01    9.99770658e-01    9.14052827e-03    1.23618305e-02   -2.24483359e-02   -5.85899906e-04    5.87336957e-05    3.34698897e-04
    2.38584623e-01    9.99761924e-01    1.00425782e-02    1.35922824e-02   -2.47409155e-02   -6.44319477e-04    6.82660459e-05    3.65677486e-04
    2.60868753e-01    9.99753272e-01    1.09826043e-02    1.48741634e-02   -2.71451152e-02   -7.05674509e-04    7.84127870e-05    3.97610463e-04
    2.84081388e-01    9.99744740e-01    1.19620886e-02    1.62097493e-02   -2.96671157e-02   -7.70095129e-04    8.94242339e-05    4.30511962e-04
    3.08261217e-01    9.99736370e-01    1.29828278e-02    1.76011636e-02   -3.23135085e-02   -8.37696053e-04    1.01368787e-04    4.64301283e-04
    3.33448538e-01    9.99728205e-01    1.40466883e-02    1.90506239e-02   -3.50913290e-02   -9.08567571e-04    1.14191813e-04    4.98979890e-04
    3.59685331e-01    9.99720297e-01    1.51555983e-02    2.05604580e-02   -3.80080941e-02   -9.82882301e-04    1.27973567e-04    5.34590395e-04
    3.87015323e-01    9.99712700e-01    1.63115028e-02    2.21331555e-02   -4.10718423e-02   -1.06084988e-03    1.42687637e-04    5.71048348e-04
    4.15484065e-01    9.99705477e-01    1.75164741e-02    2.37712644e-02   -4.42911791e-02   -1.14270992e-03    1.58132558e-04    6.08178201e-04
    4.45139005e-01    9.99698696e-01    1.87723549e-02    2.54777486e-02   -4.76753252e-02   -1.22865889e-03    1.73966824e-04    6.45881378e-04
    4.76029568e-01    9.99692430e-01    2.00812334e-02    2.72555314e-02   -5.12341718e-02   -1.31886051e-03    1.89968202e-04    6.83836572e-04
    5.08207237e-01    9.99686759e-01    2.14452422e-02    2.91077037e-02   -5.49783412e-02   -1.41360923e-03    2.05970334e-04    7.21734191e-04
    5.41725642e-01    9.99681773e-01    2.28666025e-02    3.10374870e-02   -5.89192546e-02   -1.51328920e-03    2.21846498e-04    7.59612616e-04
    5.76640647e-01    9.99677572e-01    2.43479107e-02    3.30479570e-02   -6.30692067e-02   -1.61824184e-03    2.37723039e-04    7.97706137e-04
    6.13010445e-01    9.99674261e-01    2.58917450e-02    3.51424307e-02   -6.74414484e-02   -1.72890072e-03    2.53935670e-04    8.35860337e-04
    6.50895651e-01    9.99671957e-01    2.75001860e-02    3.73249453e-02   -7.20502796e-02   -1.84571937e-03    2.70855369e-04    8.73982930e-04
    6.90359406e-01    9.99670788e-01    2.91759086e-02    3.95992216e-02   -7.69111493e-02   -1.96884604e-03    2.88330664e-04    9.11820773e-04
    7.31467486e-01    9.99670896e-01    3.09217671e-02    4.19690457e-02   -8.20407785e-02   -2.09898477e-03    3.05954472e-04    9.49383694e-04
    7.74288401e-01    9.99672435e-01    3.27404562e-02    4.44386288e-02   -8.74572896e-02   -2.23704369e-03    3.23690280e-04    9.86765134e-04
    8.18893522e-01    9.99675573e-01    3.46351496e-02    4.70120353e-02   -9.31803448e-02   -2.38329866e-03    3.41327084e-04    1.02396078e-03
    8.65357189e-01    9.99680496e-01    3.66095806e-02    4.96930832e-02   -9.92313184e-02   -2.53831923e-03    3.59326351e-04    1.06067748e-03
    9.13756842e-01    9.99687406e-01    3.86670828e-02    5.24862761e-02   -1.05633476e-01   -2.70252104e-03    3.77724962e-04    1.09671465e-03
    9.64173148e-01    9.99696526e-01    4.08112833e-02    5.53961765e-02   -1.12412186e-01   -2.87607898e-03    3.96697658e-04    1.13177909e-03
    1.01669013e+00    9.99708102e-01    4.30462325e-02    5.84272366e-02   -1.19595170e-01   -3.05960203e-03    4.17271122e-04    1.16431871e-03
    1.07139533e+00    9.99722402e-01    4.53773375e-02    6.15829157e-02   -1.27212756e-01   -3.25333324e-03    4.40311978e-04    1.19235937e-03
    1.12837990e+00    9.99739724e-01    4.78105586e-02    6.48665343e-02   -1.35298198e-01   -3.45757488e-03    4.66432959e-04    1.21602455e-03
    1.18773883e+00    9.99760394e-01    5.03515297e-02    6.82821450e-02   -1.43888019e-01   -3.67227977e-03    4.94381086e-04    1.23560940e-03
    1.20000000e+00    9.99759023e-01    5.08749042e-02    6.89841082e-02   -1.45684030e-01   -3.71659097e-03    5.00064806e-04    1.23935776e-03
